diff --git a/CMakeLists.txt b/CMakeLists.txt
index 016e743..3a6e5d7 100644
--- a/CMakeLists.txt
+++ b/CMakeLists.txt
@@ -1,6 +1,22 @@
 cmake_minimum_required(VERSION 2.8)
 project(ORB_SLAM3)
 
+# --- Force modern standard for Pangolin (sigslot) ---
+set(CMAKE_CXX_STANDARD 14)
+set(CMAKE_CXX_STANDARD_REQUIRED ON)
+set(CMAKE_CXX_EXTENSIONS OFF)
+
+# --- Relax GCC warnings on Ubuntu 24.04 ---
+if(CMAKE_CXX_COMPILER_ID MATCHES "GNU|Clang")
+  add_compile_options(
+    -Wno-error=array-bounds
+    -Wno-error=deprecated-declarations
+    -Wno-error=maybe-uninitialized
+    -Wno-error=stringop-overflow
+  )
+endif()
+
+
 IF(NOT CMAKE_BUILD_TYPE)
   SET(CMAKE_BUILD_TYPE Release)
 ENDIF()
@@ -17,7 +33,7 @@ include(CheckCXXCompilerFlag)
 CHECK_CXX_COMPILER_FLAG("-std=c++11" COMPILER_SUPPORTS_CXX11)
 CHECK_CXX_COMPILER_FLAG("-std=c++0x" COMPILER_SUPPORTS_CXX0X)
 if(COMPILER_SUPPORTS_CXX11)
-   set(CMAKE_CXX_FLAGS "${CMAKE_CXX_FLAGS} -std=c++11")
+#   set(CMAKE_CXX_FLAGS "${CMAKE_CXX_FLAGS} -std=c++11")
    add_definitions(-DCOMPILEDWITHC11)
    message(STATUS "Using flag -std=c++11.")
 elseif(COMPILER_SUPPORTS_CXX0X)
@@ -115,16 +131,22 @@ include/Settings.h)
 
 add_subdirectory(Thirdparty/g2o)
 
+find_package(OpenSSL REQUIRED)
+include_directories(${OPENSSL_INCLUDE_DIR})
+
 target_link_libraries(${PROJECT_NAME}
-${OpenCV_LIBS}
-${EIGEN3_LIBS}
-${Pangolin_LIBRARIES}
-${PROJECT_SOURCE_DIR}/Thirdparty/DBoW2/lib/libDBoW2.so
-${PROJECT_SOURCE_DIR}/Thirdparty/g2o/lib/libg2o.so
--lboost_serialization
--lcrypto
+    ${OpenCV_LIBS}
+    ${EIGEN3_LIBS}
+    ${Pangolin_LIBRARIES}
+    ${PROJECT_SOURCE_DIR}/Thirdparty/DBoW2/lib/libDBoW2.so
+    ${PROJECT_SOURCE_DIR}/Thirdparty/g2o/lib/libg2o.so
+    -lboost_serialization
+    OpenSSL::SSL
+    OpenSSL::Crypto
 )
 
+
+
 # If RealSense SDK is found the library is added and its examples compiled
 if(realsense2_FOUND)
     include_directories(${PROJECT_NAME}
@@ -388,3 +410,4 @@ if(realsense2_FOUND)
             Examples_old/Stereo-Inertial/stereo_inertial_realsense_D435i.cc)
     target_link_libraries(stereo_inertial_realsense_D435i_old ${PROJECT_NAME})
 endif()
+add_subdirectory(bridge)
diff --git a/Examples_old/Stereo-Inertial/EuRoC.yaml b/Examples_old/Stereo-Inertial/EuRoC.yaml
index 10e5a16..5a039a9 100644
--- a/Examples_old/Stereo-Inertial/EuRoC.yaml
+++ b/Examples_old/Stereo-Inertial/EuRoC.yaml
@@ -6,30 +6,30 @@
 Camera.type: "PinHole"
 
 # Camera calibration and distortion parameters (OpenCV) (equal for both cameras after stereo rectification)
-Camera.fx: 435.2046959714599
-Camera.fy: 435.2046959714599
-Camera.cx: 367.4517211914062
-Camera.cy: 252.2008514404297
+Camera.fx: 320.0
+Camera.fy: 320.0
+Camera.cx: 320.0
+Camera.cy: 240.0
 
 Camera.k1: 0.0
 Camera.k2: 0.0
 Camera.p1: 0.0
 Camera.p2: 0.0
 
-Camera.width: 752
+Camera.width: 640
 Camera.height: 480
 
 # Camera frames per second 
 Camera.fps: 20.0
 
 # stereo baseline times fx
-Camera.bf: 47.90639384423901
+Camera.bf: 64.0
 
 # Color order of the images (0: BGR, 1: RGB. It is ignored if images are grayscale)
 Camera.RGB: 1
 
 # Close/Far threshold. Baseline times.
-ThDepth: 60.0 # 35
+ThDepth: 40.0 # 35
 
 # Transformation from camera 0 to body-frame (imu)
 Tbc: !!opencv-matrix
@@ -46,7 +46,7 @@ IMU.NoiseGyro: 1.7e-04 # 1.6968e-04
 IMU.NoiseAcc: 2.0e-03 # 2.0000e-3
 IMU.GyroWalk: 1.9393e-05 
 IMU.AccWalk: 3.e-03 # 3.0000e-3
-IMU.Frequency: 200
+IMU.Frequency: 0
 
 #--------------------------------------------------------------------------------------------
 # Stereo Rectification. Only if you need to pre-rectify the images.
diff --git a/Examples_old/Stereo/EuRoC.yaml b/Examples_old/Stereo/EuRoC.yaml
index 6ba4a9c..1880239 100644
--- a/Examples_old/Stereo/EuRoC.yaml
+++ b/Examples_old/Stereo/EuRoC.yaml
@@ -18,10 +18,10 @@
 Camera.type: "PinHole"
 
 # Camera calibration and distortion parameters (OpenCV) 
-Camera.fx: 435.2046959714599
-Camera.fy: 435.2046959714599
-Camera.cx: 367.4517211914062
-Camera.cy: 252.2008514404297
+Camera.fx: 320.0
+Camera.fy: 320.0
+Camera.cx: 320.0
+Camera.cy: 240.0
 
 Camera.k1: 0.0
 Camera.k2: 0.0
@@ -30,77 +30,77 @@ Camera.p2: 0.0
 
 Camera.bFishEye: 0
 
-Camera.width: 752
+Camera.width: 640
 Camera.height: 480
 
 # Camera frames per second 
-Camera.fps: 20.0
+Camera.fps: 30.0
 
 # stereo baseline times fx
-Camera.bf: 47.90639384423901
+Camera.bf: 64.0
 
 # Color order of the images (0: BGR, 1: RGB. It is ignored if images are grayscale)
 Camera.RGB: 1
 
 # Close/Far threshold. Baseline times.
-ThDepth: 35.0 #35.0 #60.0
+ThDepth: 40.0 #35.0 #60.0
 
 #--------------------------------------------------------------------------------------------
 # Stereo Rectification. Only if you need to pre-rectify the images.
 # Camera.fx, .fy, etc must be the same as in LEFT.P
 #--------------------------------------------------------------------------------------------
-LEFT.height: 480
-LEFT.width: 752
-LEFT.D: !!opencv-matrix
-   rows: 1
-   cols: 5
-   dt: d
-   data:[-0.28340811, 0.07395907, 0.00019359, 1.76187114e-05, 0.0]
-LEFT.K: !!opencv-matrix
-   rows: 3
-   cols: 3
-   dt: d
-   data: [458.654, 0.0, 367.215, 0.0, 457.296, 248.375, 0.0, 0.0, 1.0]
-LEFT.R:  !!opencv-matrix
-   rows: 3
-   cols: 3
-   dt: d
-   data: [0.999966347530033, -0.001422739138722922, 0.008079580483432283, 0.001365741834644127, 0.9999741760894847, 0.007055629199258132, -0.008089410156878961, -0.007044357138835809, 0.9999424675829176]
-LEFT.P:  !!opencv-matrix
-   rows: 3
-   cols: 4
-   dt: d
-   data: [435.2046959714599, 0, 367.4517211914062, 0,  0, 435.2046959714599, 252.2008514404297, 0,  0, 0, 1, 0]
-
-RIGHT.height: 480
-RIGHT.width: 752
-RIGHT.D: !!opencv-matrix
-   rows: 1
-   cols: 5
-   dt: d
-   data:[-0.28368365, 0.07451284, -0.00010473, -3.555907e-05, 0.0]
-RIGHT.K: !!opencv-matrix
-   rows: 3
-   cols: 3
-   dt: d
-   data: [457.587, 0.0, 379.999, 0.0, 456.134, 255.238, 0.0, 0.0, 1]
-RIGHT.R:  !!opencv-matrix
-   rows: 3
-   cols: 3
-   dt: d
-   data: [0.9999633526194376, -0.003625811871560086, 0.007755443660172947, 0.003680398547259526, 0.9999684752771629, -0.007035845251224894, -0.007729688520722713, 0.007064130529506649, 0.999945173484644]
-RIGHT.P:  !!opencv-matrix
-   rows: 3
-   cols: 4
-   dt: d
-   data: [435.2046959714599, 0, 367.4517211914062, -47.90639384423901, 0, 435.2046959714599, 252.2008514404297, 0, 0, 0, 1, 0]
+#LEFT.height: 480
+#LEFT.width: 752
+#LEFT.D: !!opencv-matrix
+#   rows: 1
+#   cols: 5
+#   dt: d
+#   data:[-0.28340811, 0.07395907, 0.00019359, 1.76187114e-05, 0.0]
+#LEFT.K: !!opencv-matrix
+#   rows: 3
+#   cols: 3
+#   dt: d
+#   data: [458.654, 0.0, 367.215, 0.0, 457.296, 248.375, 0.0, 0.0, 1.0]
+#LEFT.R:  !!opencv-matrix
+#   rows: 3
+#   cols: 3
+#   dt: d
+#   data: [0.999966347530033, -0.001422739138722922, 0.008079580483432283, 0.001365741834644127, 0.9999741760894847, 0.007055629199258132, -0.008089410156878961, -0.007044357138835809, 0.9999424675829176]
+#LEFT.P:  !!opencv-matrix
+#   rows: 3
+#   cols: 4
+#   dt: d
+#   data: [435.2046959714599, 0, 367.4517211914062, 0,  0, 435.2046959714599, 252.2008514404297, 0,  0, 0, 1, 0]
+
+#RIGHT.height: 480
+#RIGHT.width: 752
+#RIGHT.D: !!opencv-matrix
+#   rows: 1
+#   cols: 5
+#   dt: d
+#   data:[-0.28368365, 0.07451284, -0.00010473, -3.555907e-05, 0.0]
+#RIGHT.K: !!opencv-matrix
+#   rows: 3
+#   cols: 3
+#   dt: d
+#   data: [457.587, 0.0, 379.999, 0.0, 456.134, 255.238, 0.0, 0.0, 1]
+#RIGHT.R:  !!opencv-matrix
+#   rows: 3
+#   cols: 3
+#   dt: d
+#   data: [0.9999633526194376, -0.003625811871560086, 0.007755443660172947, 0.003680398547259526, 0.9999684752771629, -0.007035845251224894, -0.007729688520722713, 0.007064130529506649, 0.999945173484644]
+#RIGHT.P:  !!opencv-matrix
+#   rows: 3
+#   cols: 4
+#   dt: d
+#   data: [435.2046959714599, 0, 367.4517211914062, -47.90639384423901, 0, 435.2046959714599, 252.2008514404297, 0, 0, 0, 1, 0]
 
 #--------------------------------------------------------------------------------------------
 # ORB Parameters
 #--------------------------------------------------------------------------------------------
 
 # ORB Extractor: Number of features per image
-ORBextractor.nFeatures: 1200
+ORBextractor.nFeatures: 2000
 
 # ORB Extractor: Scale factor between levels in the scale pyramid 	
 ORBextractor.scaleFactor: 1.2
diff --git a/include/System.h b/include/System.h
index 872c86e..f147c88 100644
--- a/include/System.h
+++ b/include/System.h
@@ -120,7 +120,7 @@ public:
     // Returns the camera pose (empty if tracking fails).
     Sophus::SE3f TrackMonocular(const cv::Mat &im, const double &timestamp, const vector<IMU::Point>& vImuMeas = vector<IMU::Point>(), string filename="");
 
-
+    
     // This stops local mapping thread (map building) and performs only camera tracking.
     void ActivateLocalizationMode();
     // This resumes local mapping thread and performs SLAM again.
diff --git a/src/System.cc b/src/System.cc
index 60d9c51..bf569e6 100644
--- a/src/System.cc
+++ b/src/System.cc
@@ -32,6 +32,7 @@
 #include <boost/archive/binary_oarchive.hpp>
 #include <boost/archive/xml_iarchive.hpp>
 #include <boost/archive/xml_oarchive.hpp>
+#include <sophus/se3.hpp>
 
 namespace ORB_SLAM3
 {
@@ -226,16 +227,7 @@ System::System(const string &strVocFile, const string &strSettingsFile, const eS
     //usleep(10*1000*1000);
 
     //Initialize the Viewer thread and launch
-    if(bUseViewer)
-    //if(false) // TODO
-    {
-        mpViewer = new Viewer(this, mpFrameDrawer,mpMapDrawer,mpTracker,strSettingsFile,settings_);
-        mptViewer = new thread(&Viewer::Run, mpViewer);
-        mpTracker->SetViewer(mpViewer);
-        mpLoopCloser->mpViewer = mpViewer;
-        mpViewer->both = mpFrameDrawer->both;
-    }
-
+    mpViewer = nullptr;
     // Fix verbosity
     Verbose::SetTh(Verbose::VERBOSITY_QUIET);
 
@@ -1505,6 +1497,7 @@ bool System::LoadAtlas(int type)
     return false;
 }
 
+
 string System::CalculateCheckSum(string filename, int type)
 {
     string checksum = "";
